#   ENERGY (in K)         Cross Section (in 1e-12*barns)
0.000000000000000000e+00 1.000000000000000000e+00
1.000000000000000056e-01 9.850954772921921565e-01
2.000000000000000111e-01 9.509730588672840046e-01
3.000000000000000444e-01 8.990799540151110936e-01
4.000000000000000222e-01 8.315548327463809786e-01
5.000000000000000000e-01 7.511360532166466708e-01
6.000000000000000888e-01 6.610469989635313626e-01
7.000000000000000666e-01 5.648633050139313383e-01
8.000000000000000444e-01 4.663674232484760762e-01
9.000000000000000222e-01 3.693964257196515333e-01
1.000000000000000000e+00 2.776891543320916256e-01
1.100000000000000089e+00 1.947387904586336538e-01
1.200000000000000178e+00 1.236566424997956049e-01
1.300000000000000044e+00 6.705244643066926580e-02
1.400000000000000133e+00 2.693576624458715249e-02
1.500000000000000000e+00 4.642198046673787389e-03
1.600000000000000089e+00 7.870601690587984440e-04
1.700000000000000178e+00 1.524813399004830254e-02
1.800000000000000044e+00 4.717785146450587108e-02
1.900000000000000133e+00 9.504415260749789207e-02
2.000000000000000000e+00 1.566981059090266637e-01
2.100000000000000089e+00 2.294653413349749815e-01
2.200000000000000178e+00 3.102574297356052169e-01
2.300000000000000266e+00 3.956985892216626777e-01
2.400000000000000355e+00 4.822625366607897202e-01
2.500000000000000000e+00 5.664139513181347674e-01
2.600000000000000089e+00 6.447488896497665101e-01
2.700000000000000178e+00 7.141285882170770316e-01
2.800000000000000266e+00 7.718014094880009113e-01
2.900000000000000355e+00 8.155082081248187231e-01
3.000000000000000000e+00 8.435671004356809499e-01
3.100000000000000089e+00 8.549344771878223392e-01
3.200000000000000178e+00 8.492400743904582328e-01
3.300000000000000266e+00 8.267949681143472729e-01
3.400000000000000355e+00 7.885724454208624667e-01
3.500000000000000000e+00 7.361627805757136045e-01
3.600000000000000089e+00 6.717039712564767395e-01
3.700000000000000178e+00 5.977914232355514557e-01
3.800000000000000266e+00 5.173703778799646491e-01
3.900000000000000355e+00 4.336155240424771629e-01
4.000000000000000000e+00 3.498027004124919515e-01
4.100000000000000533e+00 2.691778595315230671e-01
4.200000000000000178e+00 1.948285219160700854e-01
4.299999999999999822e+00 1.295627978673102865e-01
4.400000000000000355e+00 7.580070364097733771e-02
4.500000000000000000e+00 3.548196362099190898e-02
4.600000000000000533e+00 9.993794055843675458e-03
4.700000000000000178e+00 1.213360095135599347e-04
4.800000000000000711e+00 6.022479622504380362e-03
4.900000000000000355e+00 2.722783628300724443e-02
5.000000000000000000e+00 6.266560958687131255e-02
5.100000000000000533e+00 1.107101301391379272e-01
5.200000000000000178e+00 1.692518922517327329e-01
5.300000000000000711e+00 2.357860986313889406e-01
5.400000000000000355e+00 3.075160143062258822e-01
5.500000000000000000e+00 3.814668800212523414e-01
5.600000000000000533e+00 4.546057584831860177e-01
5.700000000000000178e+00 5.239624973787397888e-01
5.800000000000000711e+00 5.867469966833260830e-01
5.900000000000000355e+00 6.404581623554793657e-01
6.000000000000000000e+00 6.829803044525730726e-01
6.100000000000000533e+00 7.126632782787383213e-01
6.200000000000000178e+00 7.283833492912730190e-01
